service_id,monday,tuesday,wednesday,thursday,friday,saturday,sunday,start_date,end_date
1,0,0,0,0,1,0,0,20260807,20260904
2,1,1,1,1,0,0,0,20260803,20260907
3,1,1,1,1,1,0,0,20260803,20270804
4,0,0,0,0,0,1,0,20260808,20270731
5,0,0,0,0,1,0,0,20260807,20270730
7,0,0,0,0,1,0,0,20260904,20270730
8,0,0,0,0,0,0,1,20260906,20270801
10,1,1,1,1,1,0,0,20260901,20270804
11,0,0,0,0,0,1,1,20260808,20270801
13,1,1,1,1,0,0,0,20260901,20270804
14,1,1,1,1,1,0,0,20260804,20261210
15,0,0,0,0,1,0,0,20260807,20261204
16,0,0,0,0,0,1,0,20260808,20261205
17,1,1,1,1,1,0,1,20260803,20261210
18,0,0,0,0,0,0,1,20260809,20270801
23,1,1,1,1,1,0,0,20260804,20270804
35,0,1,0,0,0,0,0,20260804,20270803
36,0,0,0,1,0,0,0,20260806,20270729
37,1,1,1,1,1,1,0,20260803,20270804
40,1,1,1,1,1,1,1,20260803,20270804
41,0,0,0,0,1,0,0,20260807,20270730
42,1,0,0,0,0,0,0,20260803,20270802
43,0,0,0,0,0,1,0,20260808,20270731
44,0,0,0,0,0,0,1,20260803,20270802
46,0,0,0,0,0,0,0,20260803,20270802
48,0,0,1,1,1,0,0,20260805,20270804
49,1,1,0,1,0,0,0,20260803,20270803
50,1,1,1,1,1,0,0,20260803,20270201
51,1,1,1,1,1,1,1,20260803,20270131
52,1,1,1,1,1,0,0,20260803,20260930
53,1,1,1,1,1,1,1,20260817,20270804
54,1,1,1,1,1,1,1,20260817,20260930
55,1,1,1,1,1,0,0,20260803,20261016
56,0,0,0,0,0,1,0,20260808,20261010
57,0,0,0,0,0,0,1,20260809,20261011
58,1,1,1,1,0,0,0,20260803,20261015
59,0,0,0,0,1,0,0,20260807,20261016
60,1,1,1,1,1,0,0,20260804,20270804
64,0,0,0,0,0,0,0,20260803,20270802
65,1,1,1,1,1,1,1,20260803,20260816
66,1,1,1,1,1,1,1,20260803,20270709
69,0,0,0,0,0,0,1,20260809,20270704
85,1,0,0,0,0,0,0,20260810,20270726
86,0,0,0,0,0,0,1,20260803,20270802
87,0,0,1,0,0,0,0,20260805,20270804
88,0,0,0,0,0,0,1,20260803,20270802
97,1,0,0,0,0,0,0,20260810,20261109
98,0,1,0,0,0,0,0,20260804,20261110
99,0,0,1,0,0,0,0,20260805,20261111
100,0,0,0,1,0,0,0,20260806,20261112
101,0,0,0,0,1,0,0,20260807,20261113
102,0,0,0,0,0,1,0,20260808,20261114
103,0,0,0,0,0,0,0,20260803,20261026
104,0,0,0,0,0,0,1,20260809,20261108
105,1,0,0,0,0,0,0,20260803,20260803
106,0,1,0,0,0,0,0,20260804,20260804
110,0,0,0,0,1,0,0,20260807,20261030
112,0,0,0,0,0,1,0,20260808,20261031
117,0,0,0,0,0,1,0,20260808,20260808
119,0,0,0,0,0,0,1,20260809,20260809
142,0,0,0,0,0,0,0,20270101,20270101
152,0,1,0,0,0,0,0,20260804,20270119
153,1,0,0,0,0,0,0,20260810,20270125
154,0,0,1,0,0,0,0,20260805,20270120
155,0,0,0,1,0,0,0,20260806,20270121
156,0,0,0,0,0,1,0,20260808,20270123
157,0,0,0,0,1,0,0,20260807,20270122
158,0,0,0,0,0,0,1,20260803,20270124
170,1,1,1,1,1,0,0,20260804,20270526
171,0,0,0,0,0,1,0,20260808,20270522
172,0,0,0,0,0,0,1,20260809,20270523
173,0,0,0,0,0,0,0,20260803,20270503
177,1,1,1,1,1,0,0,20260803,20270526
178,0,0,0,0,0,1,0,20260808,20260926
179,0,0,0,0,0,0,1,20260809,20260927
180,1,1,1,1,1,0,0,20261001,20270526
181,0,0,0,0,0,1,0,20261003,20270522
182,0,0,0,0,0,0,1,20261004,20270523
184,1,1,1,1,1,0,0,20261102,20270804
185,0,0,0,0,0,0,0,20260804,20270804
186,1,1,1,1,1,1,1,20261101,20270804
187,0,0,0,0,0,0,0,20261225,20270802
188,1,0,0,0,1,1,1,20260803,20270802
189,1,0,0,1,1,1,1,20260803,20270802
191,0,0,0,0,0,1,0,20260808,20261212
192,0,0,0,0,0,0,1,20260809,20261206
195,0,0,0,0,1,0,0,20260807,20261211
201,1,0,0,0,0,0,0,20260810,20260810
207,0,0,0,0,0,0,0,20260822,20260822
240,1,1,1,1,0,0,0,20260804,20261029
241,0,0,0,0,0,0,1,20260803,20261025
242,0,0,0,0,0,0,1,20260830,20270530
243,0,0,0,0,1,0,0,20260828,20270528
244,1,1,1,1,1,0,0,20260824,20270531
245,1,1,0,0,0,0,0,20260803,20260804
246,1,1,1,1,0,0,0,20260824,20270531
252,0,0,0,0,0,0,0,20260810,20270104
253,0,0,0,0,0,0,0,20260804,20270105
254,0,0,0,0,0,0,0,20260805,20261230
255,0,0,0,0,0,0,0,20260806,20261231
256,0,0,0,0,0,0,0,20260807,20261030
257,1,0,0,0,0,0,0,20260831,20270118
258,0,1,0,0,0,0,0,20260901,20270119
259,0,0,1,0,0,0,0,20260902,20270120
260,0,0,0,1,0,0,0,20260903,20270121
261,0,0,0,0,1,0,0,20260904,20270122
262,0,0,0,0,0,0,1,20260809,20270117
263,0,0,0,0,0,0,0,20261226,20261226
264,0,0,0,0,0,1,0,20260808,20261226
265,0,0,0,0,0,0,1,20260809,20261227
266,0,0,0,0,0,1,0,20260808,20261219
267,0,0,0,0,0,0,1,20260809,20270801
268,0,0,0,0,0,0,0,20260803,20270802
269,1,1,1,1,1,1,0,20260803,20270804
270,0,0,0,0,0,0,0,20261220,20261220
271,0,0,0,0,0,0,0,20261225,20261226
272,0,0,0,0,0,0,0,20261221,20261226
273,0,0,0,0,0,0,1,20260809,20270801
274,0,0,0,0,0,0,0,20260803,20270802
275,1,1,1,1,1,1,0,20260803,20270804
276,1,1,1,1,1,1,1,20260803,20270804
277,1,0,0,0,0,1,1,20260803,20270802
278,0,0,0,0,1,1,1,20260807,20270801
279,1,1,1,1,1,1,1,20261101,20270331
283,1,1,1,1,1,0,0,20260805,20260918
284,1,1,1,1,1,0,0,20260921,20261211
285,0,0,0,0,0,1,0,20260808,20261212
286,0,0,0,0,0,0,0,20260912,20260912
287,1,1,1,1,1,0,0,20260805,20261211
288,0,0,0,0,0,0,1,20260809,20261206
289,0,0,0,0,0,0,0,20260913,20260913
290,0,0,0,0,0,1,0,20260808,20261212
291,0,0,0,0,0,0,0,20260829,20260829
292,0,0,0,0,0,0,1,20260809,20261206
293,0,0,0,0,0,0,1,20260816,20260816
294,1,1,1,1,1,0,0,20260806,20260918
295,0,0,1,0,0,0,0,20260805,20260805
296,1,1,1,1,1,0,0,20260806,20261211
297,1,1,1,1,1,0,0,20260805,20261211
298,1,1,1,1,1,0,0,20260806,20261211
299,0,0,0,1,1,1,0,20260806,20260808
300,0,0,1,0,0,0,0,20260812,20260812
301,0,0,0,0,0,0,0,20260823,20260823
302,0,0,0,0,0,0,0,20260830,20260830
303,0,0,0,0,0,1,0,20260822,20261212
304,0,0,0,0,0,1,0,20260815,20260815
305,1,1,1,1,1,1,0,20260805,20261211
307,1,1,1,1,1,1,0,20260805,20261212
308,0,0,0,0,0,0,1,20260823,20261206
309,0,0,0,0,0,1,0,20260822,20261128
310,0,0,0,0,0,0,1,20260809,20261206
311,1,1,1,1,1,1,0,20260805,20261212
312,1,1,1,1,0,1,0,20260805,20261210
315,1,1,1,1,1,1,0,20260805,20261211
316,0,0,0,0,0,0,0,20261026,20261026
317,1,1,1,1,0,1,0,20260805,20261212
318,1,1,1,1,0,0,0,20260805,20261210
319,1,1,1,1,1,1,0,20260805,20261212
320,1,1,1,1,0,0,0,20260805,20261210
321,1,1,1,1,1,1,0,20260805,20261212
322,1,1,1,1,1,1,0,20260807,20261212
323,0,0,1,1,0,0,0,20260805,20260806
324,1,1,0,1,0,0,0,20260810,20260813
325,1,1,1,1,1,1,0,20260805,20261212
326,1,1,1,1,1,1,0,20260805,20261212
328,0,0,0,0,0,0,1,20260809,20261206
332,1,1,1,1,1,1,0,20260805,20260919
333,1,1,1,1,1,1,0,20260921,20261212
334,1,1,1,1,1,1,0,20260921,20261212
335,1,1,1,1,1,1,0,20260805,20260919
336,0,0,0,0,0,1,0,20260926,20261212
337,1,1,1,1,1,0,0,20260921,20261211
338,1,1,1,1,1,0,0,20260806,20260918
339,0,0,0,0,0,0,1,20260809,20261206
344,0,0,0,0,1,1,0,20260807,20261212
346,1,1,1,1,0,1,0,20260805,20261212
